
25580
25585
25597
25601
25631
25619
25633
25634
25639
25648
25653
25676
25673
25672
25694
25695
25691
25693
25714
25716
25727
25735
25747
25753
25767
25776
25771
25774
25773
25779
25785
25794
25797
25798
25793
25792
25813
25808
25810
25828
25825
25838
25842
25841
25844
25853
25850
25847
25852
25846
25858
25908
25989
25991
26026
26023
26024
26033
26038
26051
26049
26052
26046
26058
26059
26057
26066
26065
26092
26090
26089
26091
26096
26100
26105
26113
26115
26116
26124
26125
26121
26130
26132
26142
26140
26136
26137
26152
26153
26166
26168
26165
26179
26176
26181
26171
26180
26190
26189
26187
26194
26199
26195
25585
25580
25597
25601
25639
25631
25633
25634
25619
25653
25648
25672
25673
25676
25691
25693
25695
25694
25714
25716
25727
25735
25753
25747
25767
25779
25773
25774
25776
25771
25785
25580
25585
25597
26223
26214
26224
26229
26233
26231
26235
26234
26246
26247
26248
26239
26237
26240
26242
26250
26255
26249
26252
26257
26251
26259
26268
26262
26261
26272
26274
26271
26281
26279
26275
26284
26285
26283
26289
26291
26290
26296
26299
26293
26303
26292
26307
26308
26384
26396
26402
26427
26426
26424
26452
26469
26494
26497
26572
26590
26593
26616
26612
26617
26632
26628
26633
26640
26636
26637
26638
26669
26679
26659
26674
26655
26681
26694
26693
26684
26685
26736
26740
26758
26779
26826
26852
26862
26868
26878
26870
26889
26933
26961
26967
27008
27080
27091
27108
27198
27207
27236
27255
27250
27286
27315
27342
27336
27337
27347
27349
27393
27391
27520
27505
27514
27542
27545
27543
27548
27552
27564
27574
27570
27578
27576
27582
27581
27584
27585
27604
27598
27594
27603
27591
27602
27600
27605
27609
27610
27616
27612
27611
27606
27608
27622
27641
27637
27642
27636
27638
27662
27678
27685
27686
27705
27725
27720
27733
27804
27836
27846
27853
27854
27847
27855
27888
27892
27889
27908
27895
27913
27928
27929
27959
27960
27963
27976
27980
27987
27986
27993
27997
27998
27994
28006
28005
28008
28004
28009
28010
28014
28018
28020
28011
28021
28019
28016
28025
28029
28028
28024
28026
28023
28022
28035
28033
28038
28040
28044
28046
28043
28060
28056
28055
28062
28061
28058
28064
28063
28075
28080
28084
28092
28101
28093
28115
28113
28221
28212
28213
28216
28224
28226
28222
28223
28232
28233
28241
28240
28246
28276
28290
28305
28309
28307
28318
28319
28350
28366
28429
28446
28466
28481
28499
28520
28517
28525
28524
28548
28554
28553
28579
28600
28602
28601
28609
28612
28629
28628
28627
28640
28635
28646
28652
28647
28698
28703
28707
28705
28716
28720
28741
28746
28742
28760
28752
28756
28759
28764
28765
28763
28770
28779
28775
28794
28791
28787
28796
28786
28809
28832
28886
28887
29005
29030
29026
29023
29041
29035
29049
29051
29047
29076
29090
29093
29144
29148
29157
29164
29156
29154
29205
29198
29210
29207
29203
29195
29216
29212
29252
29290
29304
29317
29302
29311
29306
29330
29319
29318
29329
29332
29341
29335
29342
29337
29345
29346
29360
29361
29370
29371
29385
29396
29393
29395
29422
29406
29426
29407
29417
29425
29413
29430
29429
29439
29440
29433
29443
29436
29446
29459
29463
29464
29477
29465
29466
29487
29498
29490
29496
29504
29499
29524
29514
29506
29516
29535
29528
29536
29529
29537
29561
29548
29563
29572
29562
29586
29588
29587
29592
29575
29605
29603
29614
29616
29610
29622
29623
29631
29625
29632
29630
29627
29653
29656
29657
29655
29669
29670
29665
29668
29677
29667
29679
29681
29680
29689
29678
29758
29781
29787
29912
29907
29936
29928
29937
29934
29933
29944
29949
29951
29965
29974
30001
29999
29998
29996
30000
30009
30012
30007
30021
30029
30024
30033
30039
30034
30035
30044
30041
30037
30043
30045
30052
30051
30047
30053
30046
30049
30061
30064
30063
30071
30065
30062
30091
30078
30095
30097
30101
30094
30115
30124
30137
30135
30131
30134
30126
30146
30158
30147
30153
30165
30174
30164
30168
30162
30177
30163
30187
30193
30192
30195
30178
30190
30182
30206
30202
30196
30205
30199
30197
30200
30214
30249
30251
30250
30241
30324
30253
30326
30330
30336
30353
30354
30447
30450
30445
30436
30446
30460
30459
30458
30454
30456
30476
30475
30478
30467
30473
30490
30502
30492
30509
30496
30493
30494
30522
30511
30521
30517
30520
30519
30524
30518
30541
30542
30535
30539
30527
30536
30537
30543
30549
30548
30544
30553
30556
30568
30598
30583
30621
30617
30606
30620
30618
30609
30632
30635
30640
30624
30639
30660
30650
30662
30655
30658
30646
30664
30673
30663
30768
30797
30811
30808
30802
30822
30816
30819
30815
30821
30840
30843
30848
30841
30851
30865
30857
30869
30864
30886
30885
30874
30879
30880
30894
30890
30897
30893
30888
30896
30906
30953
30944
30991
31018
31020
31003
31040
31069
31236
31305
31306
31315
31403
31438
31441
31456
31453
31463
31465
31471
31493
31512
31543
31550
31557
31563
31573
31625
31699
31688
31696
31674
31661
31680
31706
31710
31707
31705
31727
31724
31799
31811
31827
31919
31904
31917
31929
31923
31920
31931
31940
31961
31955
31980
31984
31986
31977
31978
31985
32006
32037
32056
32054
32057
32062
32061
32058
32110
32121
32123
32130
32159
32162
32271
32284
32292
32301
32302
32308
32322
32312
32313
32431
32430
32460
32468
32466
32472
32469
32471
32467
32464
32483
32475
32481
32476
32480
32478
32482
32484
32494
32498
32490
32499
32492
32502
32521
32539
32542
32551
32541
32605
32690
32730
32745
32758
32770
32794
32797
32796
32793
32795
32807
32829
32844
32843
32950
32955
32964
32963
32981
33083
33096
33165
33190
33189
33263
33283
33295
33303
33311
33363
33369
33573
33509
33626
33695
33687
33700
33784
33787
33786
33781
33785
33833
33830
33838
33835
33847
33848
33844
33871
33870
33887
33895
33892
33896
33894
33897
33893
33889
33902
33898
33900
33904
33905
33907
33910
33917
33932
33933
33923
33937
33938
33949
33955
33989
34016
34025
34036
34035
34037
34048
34038
34047
34039
34040
34059
34055
34058
34056
34067
34068
34070
34069
34065
34062
34066
34072
34427
34421
34506
34458
34507
34509
34465
34508
34510
34529
34557
34522
34554
34511
34575
34581
34568
34562
34618
34624
34632
34611
34620
34675
34668
34663
34666
34664
34656
34718
34715
34742
34775
34753
34774
34781
34785
34784
34782
34778
34786
34780
34827
34843
34842
34836
34833
34859
34857
34863
34876
35120
35106
35105
35099
35101
35100
35125
35130
35178
35183
35184
35313
35222
35237
35205
35339
35321
35325
35362
35387
35569
35493
35556
35589
35591
35584
35616
35736
35742
35622
35718
35652
35759
35764
35744
35767
35763
35743
35774
35776
35934
35984
35985
35963
36145
36213
36467
36602
36673
36823
36844
36945
37145
37195
37391
37457
37507
37529
37548
37647
37594
37805
37828
37907
37974
38014
38523
38522
38824
38720
38823
39290
39378
38828
39377
39414
39413
39937
40311
40286
40453
41565
43089
42978
43551
43597
43594
43846
43861
43869
43884
43873
43881
43882
43874
43875
43872
43883
43876
43891
43894
43889
43896
43887
43898
43906
43910
43911
43908
43902
43912
43909
43915
43916
43926
43925
43918
43927
43930
43937
43939
43942
43953
43943
43965
43962
43964
43959
43958
43989
43984
43985
43990
43982
43992
43998
43999
44010
44004
44020
44007
44024
44030
44034
44039
44045
44088
44120
44219
44239
44238
44235
44243
44250
44309
44300
44320
44314
44324
44312
44323
44313
44322
44319
44331
44334
44327
44325
44333
44341
44340
44346
44351
44353
44376
44372
44371
44389
44398
44394
44400
44395
44412
44410
44411
44424
44464
44443
44541
44545
44538
44560
44558
44559
44561
44554
44564
44567
44565
44574
44593
44600
44578
44604
44601
44630
44621
44635
44638
44644
44649
44637
44642
44648
44646
44710
44711
44667
44668
44712
44670
44724
44726
44717
44732
44737
44733
44757
44860
44852
44854
48153
48160
48321
48416
48417
48434
48433
48450
48758
48761
48810
48814
48844
48848
48860
48858
48861
48905
48976
49047
49046
49058
49055
49084
49129
49138
49140
49137
49150
49148
49159
49143
49173
49161
49174
49160
49192
49182
49179
49175
49207
49206
49204
49210
49220
49222
49216
49217
49230
49233
49247
49245
49266
49283
49290
49311
49394
49396
49434
49431
49449
49463
49459
49468
49570
49569
49623
49625
49626
49688
49703
49719
49727
49752
49751
49756
49764
49773
49808
49812
49826
49821
49858
49869
49893
49900
49894
49909
49907
49964
49980
50033
50034
50041
50136
50131
50134
50138
50174
50175
50209
50217
50212
50211
50226
50231
50230
50250
50251
50252
50259
50260
50261
50263
50275
50274
50264
50277
50280
50279
50284
50301
50302
50299
50305
50308
50311
50309
50322
50352
50469
50471
50493
50486
50502
50513
50512
50514
50503
50529
50528
50535
50537
50541
50542
50540
50552
50551
50543
50545
50547
50546
50566
50562
50567
50571
50574
50584
50573
50568
50572
50591
50597
50608
50592
50600
50634
50627
50626
50624
50619
50614
50639
50775
50794
50800
50802
50804
50812
50817
50825
50821
50824
50834
50847
50844
50846
50865
50861
50866
50863
50859
50873
50874
50880
50872
50882
50885
50881
50916
50918
50911
50913
50919
50934
50933
50939
50931
50935
50941
50940
50943
50942
51082
51071
51083
51080
51086
51150
51147
51140
51144
51146
51160
51158
51161
51165
51169
51170
51179
51166
51183
51193
51186
51191
51184
51189
51205
51203
51201
51204
51200
51218
51211
51210
51216
51217
51208
51220
51240
51236
51241
51228
51219
51230
51238
51251
51242
51248
51246
51247
51262
51259
51252
51258
51278
51264
51268
51289
51285
51284
51283
51310
51296
51303
51297
51304
51302
51305
51322
51311
51325
51323
51329
51324
51340
51341
51342
51343
51346
51348
51350
51352
51361
51363
51367
51374
51371
51373
51391
51381
51388
51389
51387
51380
51390
51394
51407
51392
51408
51395
51422
51418
51423
51421
51430
51425
51427
51429
51431
51448
51450
51447
51471
51474
51470
51476
51483
51481
51580
51742
51761
51774
51781
51775
51779
52278
52285
52293
52287
52294
52303
52309
52310
52316
52336
52333
52349
52362
52364
52367
52399
52400
52407
52456
52451
52447
52452
52463
52467
52457
52501
52521
52529
52548
52555
52554
52550
52565
52563
52566
52564
52570
52584
52585
52588
52592
54762
54764
54766
54867
54836
54859
54878
55087
55125
55123
55128
55147
55155
55160
55150
55262
55286
55287
55290
55309
55308
55332
55334
55316
55346
55349
55367
55400
55399
55392
55416
55419
55421
55474
55472
55444
55480
55479
55481
55500
55495
55498
55501
55503
55502
55506
55534
55536
55550
55551
55549
55552
55586
55593
55609
55605
55615
55647
55633
55639
55689
55707
55710
55717
55721
55715
55713
55727
55724
55725
55723
55736
55722
55739
55742
55745
55747
55740
55748
55749
55750
55781
55784
55787
55874
56107
57081
57102
57112
57120
57181
57180
57160
57190
57216
57191
57269
57270
58212
58380
58404
58420
58429
58450
58479
58502
58499
58576
58510
58583
58592
58586
58603
58606
58644
58636
58643
58669
59104
59121
59111
59134
59122
59212
59213
59729
59747
59737
59862
60264
60315
60314
60316
60356
60913
60911
60861
60869
60950
60922
61299
61278
61646
61672
61676
61674
61801
61814
61821
61820
61863
61925
61935
61939
61936
61933
62022
62021
62063
62061
62177
62172
62268
62288
62296
62279
62309
62305
62317
62313
62351
62350
62332
62357
62429
62433
62440
62432
62431
62438
62455
62462
62468
62471
62466
62548
62546
62499
62552
62554
62555
62585
62575
62568
62582
62632
62601
62641
62691
62640
62697
62710
62692
62720
62755
62756
62791
63539
63540
63522
63718
63764
63777
63766
63773
63805
64049
64264
64316
64364
64344
64390
64438
64433
64621
64549
64658
64736
64708
64659
64700
64733
64716
64833
64824
64839
64868
64841
64864
64872
64873
64910
64908
65292
65274
65283
65312
65296
65467
65433
65432
66001
66049
66052
66069
66051
66053
66064
66095
66082
66070
66136
66207
66242
66337
66336
66347
66402
66423
66465
66468
66492
66530
66964
67110
67091
67104
67092
67132
67130
67273
67334
67336
67435
67406
68138
68062
68137
68256
68141
68139
68791
68309
68848
68979
68959
69584
69020
69994
70010
70091
70106
70370
71299
71765
72113
72248
72216
72246
72828
72826
72829
72830
72900
72901
73119
73269
73156
73149
73228
73433
73347
73559
73669
73610
73701
73621
73601
73735
73852
73802
73851
74029
74030
73995
74028
73951
74076
74077
74181
74180
74198
74192
74194
74197
74195
74344
74254
74320
74475
74480
74486
74485
74487
74808
74827
74826
74896
74939
74879
75130
75131
75086
75210
75367
75392
75480
75559
75535
75583
75573
75610
75613
75649
75669
75672
75699
75690
75698
75732
75700
75702
75701
75712
75746
75778
75779
75781
75788
75777
75780
75792
75797
75791
75799
75810
75802
75804
75808
75811
75813
75818
75822
75851
75858
75861
75863
75968
75977
75921
75990
76032
76067
76125
76130
76177
76309
76310
76337
76370
76362
76386
76511
76467
76517
76545
76548
76580
76554
76596
76600
76772
76923
77022
77064
77200
77248
77249
77244
77243
77252
77261
77257
77273
77743
77801
77813
77800
77835
77830
77829
77815
78263
78281
78407
78395
78572
78816
78786
78804
78872
78884
78906
78982
78949
79057
79140
79465
79451
79585
79573
79692
79705
79691
79754
79749
79897
79894
79838
79846
79858
79937
79899
79900
79913
79907
79914
80002
80505
80664
81170
81112
81114
81204
81207
81197
81215
81210
81211
81249
81513
81698
81560
81557
81737
81738
81768
81828
81820
81807
81867
81857
81919
82128
82094
82129
82449
82450
82811
82614
83002
83096
83583
83591
83244
83603
83604
84253
84347
84399
84391
84409
84404
84408
84405
84432
84410
84424
84413
84477
84727
84768
84765
84777
84783
84774
84795
84797
84794
84807
84799
84802
84798
84804
84805
84854
84811
84809
84812
84853
84813
84815
84955
84960
84963
84965
85241
85223
85220
85177
85247
85258
85257
85250
85244
85270
85267
85288
85325
85328
85331
85327
85329
85326
85330
85499
85597
85549
85711
85812
85879
86446
86337
86457
86360
86435
86579
86520
86515
86819
86792
86855
86849
86851
86874
86873
86986
86888
87059
87110
87149
87150
88118
88027
88116
88117
88220
88656
88391
88552
89011
89058
89207
89195
89144
89105
89284
89799
90185
90106
90183
90184
90491
90845
90916
90827
90918
91034
91067
91493
91470
91550
91492
91602
91551
91871
92076
92177
92176
92180
92309
92391
92455
92352
92504
92592
92593
92656
92591
92780
93105
93112
93160
93413
93441
93335
93568
93579
93582
93581
93580
93564
93578
93583
93584
93762
93585
93589
93593
93592
93587
93590
93591
93890
93992
94076
94073
94065
94538
94476
94530
94542
96273
96645
96646
97468
97545
97690
97703
98068
98041
97846
98054
97706
97799
98083
98109
98076
98107
98074
98486
98523
98142
98598
98609
98607
98599
98622
98612
98650
98623
98651
101133
101145
101031
98676
98802
101777
101811
101693
101935
102670
102796
102797
102799
102798
102859
102953
103076
103075
103130
103129
103310
103391
103364
103444
103499
103514
103522
103561
103557
103560
103568
103566
103562
103567
103571
103574
103577
103573
103572
103576
103575
103578
103584
103583
103582
103594
103595
103619
103622
103636
103631
103634
103635
103637
103638
103639
103654
103673
103898
103896
103922
103991
103979
103995
104049
104199
104295
104294
104437
104690
104758
104754
104753
104756
104755
104762
104801
104817
104850
104848
104851
104852
104907
104938
104930
104965
105115
105130
105143
105144
105680
105552
105707
105885
105853
105932
105986
105981
105983
105984
105987
105992
106156
106161
106160
106220
106207
106435
106500
106677
106586
106675
106912
107005
107202
107236
107944
107981
107952
107953
107954
107992
108071
108249
108375
108532
108554
108553
108632
108662
109213
109325
109218
109324
109843
109422
109937
110037
110868
110063
111102
110900
112029
113584
113313
112936
114062
114853
114010
114090
115145
115151
115155
115148
115108
115110
115639
115813
116497
115157
117483
116953
117466
118016
118049
118906
118046
118084
121337
119656
121496
121394
121399
121910
122583
122580
122586
122612
122609
122622
122841
123286
123287
123291
123741
123492
124142
124475
124460
124644
124606
124707
124863
124647
124747
124648
124649
124907
124935
124937
124998
125063
125093
125227
125264
125363
125295
125362
125361
125369
125370
125373
125366
125368
125394
125399
125400
125407
125442
125428
125497
125496
125581
125605
125604
125619
125614
125617
125659
125685
125658
125676
125680
125813
125687
125859
125852
126014
126035
126048
126047
126063
126070
126098
126078
126073
126077
126075
126074
126115
126167
126250
126314
126334
126481
126514
126515
126506
126534
126528
126567
126564
126593
126739
126775
126771
126797
126887
126993
127011
127053
127108
127212
127211
127227
127226
127315
127356
127396
127414
127413
127354
127484
127597
127596
127598
127709
127730
127785
127825
127826
127827
127828
127887
127892
127909
127917
127938
127955
128032
128103
128153
128199
128171
128198
128200
128357
128245
128383
128384
128385
128412
128590
128545
128591
128600
128645
128846
128855
128857
128860
128856
128991
129105
129113
129259
129114
129317
129404
129407
129957
130200
130201
130204
130202
130205
130241
130289
130288
130285
130304
130299
130305
130303
130298
130313
130314
130307
130316
130325
130322
130320
130324
130380
130386
130449
130527
130587
130616
130833
130896
130975
131024
131455
131425
131481
131590
131964
132061
132249
132059
132247
132195
132277
132276
132312
132275
132320
132365
132350
132360
132355
132564
132557
132651
132663
132657
132664
132660
132659
132671
132674
132668
132666
132672
132667
132679
132678
132677
132675
132724
132773
132735
132838
132837
133025
133093
133237
133475
133575
133617
133801
134045
134280
134343
134342
134337
134364
134362
134367
134572
134533
134716
134717
134714
134718
134804
134801
134950
134949
134954
135071
135187
135379
135576
135578
135577
135579
135514
135581
135724
135722
135728
135727
135833
135835
135834
136049
136051
136210
136209
136196
136213
136326
136629
136632
136636
136638
136640
136811
136790
136917
136926
137096
137141
137088
137151
137157
137155
137156
137146
137150
137147
137144
137159
137158
137165
137164
137178
137197
137234
137241
137233
137235
137239
137204
137240
137237
137205
137249
137245
137246
137247
137248
137251
137242
137260
137259
137253
137258
137265
137255
137299
137319
137418
137443
137569
137579
137577
137575
137570
137586
137589
137585
137584
137588
137587
137590
137597
137592
137603
137625
137885
137887
137935
137962
137981
137966
137972
137963
137964
137965
138027
138033
138036
138068
138035
138070
138073
138075
138072
138090
138117
138131
138270
138214
138281
138282
138336
138299
138335
138365
138367
138337
138366
138382
138409
138447
138458
138468
138465
138462
138467
138466
138469
138471
138470
138479
138478
138488
138480
138486
138484
138485
138492
138495
138494
138527
138531
138528
138526
138530
138529
138536
138534
138533
138535
138573
138574
138609
138614
138681
138686
138698
138688
138690
138689
138691
138728
138727
138718
138757
138743
138799
138836
138852
138845
138853
138892
138891
138900
138920
138929
138953
138968
138969
138975
138982
138983
139003
139089
139100
139111
139084
139178
139184
139145
139261
139259
139262
139289
139300
139313
139321
139366
139404
139406
139396
139405
139435
139436
139437
139438
139449
139473
139474
139479
139553
139547
139578
139615
139630
139626
139627
139629
139628
139635
139797
139805
139856
139866
139957
139920
139921
139972
139973
139983
139990
140042
140051
140080
140070
140079
140132
140142
140129
140138
140139
140147
140306
140404
140443
140576
140632
140695
140621
140648
140647
140702
140806
141079
141126
141225
141424
141425
141379
141598
141549
141711
141658
141710
141781
141779
141812
141912
141958
141962
141960
142049
142046
142051
142050
142054
142079
142053
142052
142216
142212
142214
142215
142136
142167
142193
142213
142224
142219
142226
142217
142225
142222
142218
142238
142227
142237
142234
142236
142235
142560
142563
142564
142566
142567
142569
142649
142641
142713
142763
142991
142992
143327
143389
143390
143388
143385
143396
143398
143401
143392
143400
143397
143394
143428
143402
143467
143444
143445
143566
143943
143970
143962
143966
143958
143956
143969
143980
143981
143979
143973
143993
143991
143992
144137
144333
144206
144192
144403
144404
144400
144448
144555
144484
144489
144556
144570
144557
144568
144631
144567
144731
144740
145044
145035
145072
145161
145086
145113
145111
145160
145140
145162
145260
145475
145499
145401
145419
145628
145646
145803
145830
145888
146016
145987
146195
146173
146194
146196
146208
146233
146292
146285
146286
146362
146385
146386
146384
146387
146643
146708
146732
146773
146927
146955
146968
147021
147120
147202
147239
147247
147242
147246
147270
147267
147265
147276
147275
147279
147271
147272
147273
147316
147309
147304
147311
147283
147281
148021
148680
148704
148703
148888
148886
148891
148892
148893
148896
148985
149022
149133
149152
149155
149253
149360
149311
149310
149834
149839
149711
149855
149854
149897
150001
150003
150047
150015
150071
150072
150078
150076
150142
150202
150203
150190
150221
150220
150229
150233
150228
150238
150246
150247
150239
150249
150288
150289
150344
150350
150341
150427
150475
150517
150546
150547
150622
150645
150710
150731
150732
150733
150761
150758
150760
150759
150763
150757
150766
150773
150769
150767
150770
150776
150780
150785
150806
150819
150921
150930
150910
150906
150956
150948
150954
150958
150975
150959
150964
150957
151025
151075
151077
151070
151251
151110
151320
151321
151319
151323
151344
151336
151322
151563
151629
151636
151869
151846
151830
152075
152055
152312
152311
152404
152406
152709
152766
152675
152904
152905
152953
152952
152940
153000
152994
152973
153081
153004
153086
153133
153254
153299
153275
153321
153675
153672
153674
153735
153671
153736
153998
154029
154158
154161
154181
154184
154258
154268
154295
154377
154384
154392
154378
154439
154496
154585
154865
154782
155008
155170
155267
155269
155284
155289
155342
155376
155373
155398
155372
155370
155385
155374
155535
155491
155671
155709
155775
155730
155764
155778
155786
155776
155785
155781
155782
155787
155808
155937
155925
155856
155988
156123
156124
156184
156183
156176
156182
156197
156206
156305
156304
156389
156395
156599
156589
156743
156763
156830
156831
156903
156904
156932
156985
156987
157048
157047
157051
157060
157058
157061
157054
157057
157059
157075
157150
157154
157151
157169
157253
157199
157200
157201
157314
157398
157407
157395
157403
157421
157420
157417
157439
157564
157574
157575
157579
157583
157582
157585
157581
157586
157671
157672
157670
157668
157673
157864
158078
157972
158146
158147
158368
158380
158456
158414
158542
158620
158783
158802
158782
158789
158810
158832
158965
158966
159172
159279
159309
159304
159280
159456
159481
159694
159658
159717
159862
159863
159864
159861
159839
159870
159873
159866
159865
159874
159868
159867
159876
159880
159878
159879
159881
159877
159875
159999
160000
160016
160006
160018
160019
160042
160074
160142
160187
160237
160186
160319
160318
160314
160315
160390
160386
160399
160440
160441
160478
160679
160668
160780
160781
161010
161011
161171
161358
161431
161898
161899
161897
162075
162277
162243
162245
162247
162244
162278
162315
162317
162327
162324
162348
162360
162389
162401
162368
162378
162467
162633
162752
162718
162756
162822
162808
162811
162857
163128
163199
163201
163200
163183
163198
163202
163203
163243
163242
163263
163254
163262
163250
163374
163316
163384
163406
163450
163414
163716
163588
163774
163647
164015
164022
163835
163891
164140
164141
164175
164187
164182
164188
164185
164183
164191
164189
164193
164198
164238
164575
164464
164734
164609
164787
164781
164783
164786
164788
164785
164891
164926
164958
164985
165206
165256
165259
165266
165265
165260
165272
165273
165269
165268
165270
165278
165301
165279
165305
165310
165311
165480
165425
165416
165656
165659
165660
165661
165702
165703
165711
165717
165712
165715
165713
165722
165726
165725
165721
165723
165727
165720
165724
165736
165729
165728
165732
165747
165805
165788
165810
165809
165806
165843
165851
165920
166027
166188
166191
166190
166189
166198
166220
166222
166217
166212
166219
166224
166206
166223
166229
166233
166227
166234
166231
166230
166228
166232
166226
166239
166244
166242
166235
166238
166237
166236
166243
166273
166280
166275
166274
166281
166272
166319
166318
166483
166482
166606
166648
166645
166644
166643
166712
166735
166733
166708
166765
166764
166767
166768
166751
166752
166770
166781
166775
166780
166769
166783
166782
166851
166792
166816
167101
167156
167158
167265
167285
167288
167300
167297
167308
167309
167305
167301
167307
167318
167313
167316
167314
167357
167444
167448
167456
167472
167509
167506
167508
167476
167609
167592
167783
167834
167833
167831
167832
167828
167915
167956
167983
168148
168188
168187
168263
168295
168297
168303
168316
168320
168318
168315
168319
168317
168347
168357
168359
168390
168421
168410
168401
168424
168523
168524
168642
168644
168643
168638
168706
168723
168724
168744
168745
168752
168761
168770
168764
168766
168769
168768
168777
168809
168808
168863
169006
169023
169052
169057
169106
169093
169113
169116
169110
169109
169118
169168
169184
169256
169186
169185
169289
169332
169346
169352
169355
169357
169369
169368
169364
169361
169379
169385
169387
169414
169386
169464
169481
169501
169508
169512
169525
169532
169531
169552
169556
169553
169672
169706
169761
169763
169762
169806
169807
169868
169900
169924
169986
169981
169992
169984
169980
170058
170069
170025
170035
170268
170267
170231
170394
170406
170466
170558
170765
170607
170764
171067
171142
171214
171236
171396
171426
171526
171485
171639
171705
171706
171707
171708
171754
171777
171932
171970
172140
172000
172122
172058
172324
172348
172459
172460
172535
172566
172630
172625
172632
172629
172628
172652
172654
172707
172842
172773
172961
172962
173101
173110
173105
173109
173174
173172
173179
173203
173383
173427
173423
173550
173557
173558
173560
173559
173742
173779
173875
173927
173928
174017
174019
174026
174030
174029
174140
174138
174141
174150
174144
174148
174147
174149
174143
174142
174151
174154
174274
174153
174278
174322
174384
174338
174410
174552
174635
174699
174698
174722
174640
174697
174789
175015
175016
175020
175062
175118
175122
175124
175120
175119
175123
175132
175211
175235
175309
175437
175399
175392
175453
175454
175461
175548
175566
175657
175677
175667
175821
175895
175894
175914
175923
175922
175983
175985
175996
175999
176000
175998
175997
176034
176053
176050
176061
176064
176062
176057
176065
176056
176063
176054
176083
176082
176080
176097
176081
176111
176108
176103
176107
176105
176104
176101
176102
176106
176130
176154
176142
176165
176139
176185
176203
176205
176239
176274
176315
176328
176409
176382
176436
176480
176476
176497
176532
176524
176538
176541
176540
176542
176539
176581
176604
176606
176605
176647
176638
176639
176664
176649
176755
176772
176762
176779
176880
176785
176791
176958
176957
176981
176980
176982
176950
176997
177009
177010
177012
177016
177015
177067
177074
177128
177115
177160
177149
177145
177176
177244
177243
177229
177236
177317
177315
177331
177372
177399
177384
177496
177408
177514
177509
177523
177616
177519
177520
177521
177619
177625
177743
177757
177752
177788
177753
177811
177824
177826
177860
177812
177822
177823
177921
177926
177924
177923
177922
178005
178105
178025
178021
178073
178023
178142
178147
178174
178317
178307
178370
178379
178397
178433
178430
178428
178476
178481
178545
178616
178644
178686
178685
178693
178690
178687
178750
178745
178706
178707
178779
178790
178832
178970
178912
178947
178910
178909
178913
179095
178974
178987
179158
179183
179188
179284
179293
179292
179287
179296
179299
179322
179333
179334
179367
179458
179486
179722
179711
179769
179723
179767
179743
179863
179824
179822
179889
179877
179895
179904
179986
179961
180000
179996
180005
180002
180008
180016
180010
180090
180091
180089
180088
180226
180253
180261
180228
180282
180264
180295
180288
180293
180291
180292
180312
180313
180429
180445
180346
180829
180871
180923
180978
181015
181048
181121
181122
181123
181165
181221
181249
181273
181360
181397
181394
181590
181555
181490
181593
181711
181726
181752
181724
181766
181870
181878
181961
182008
181964
181944
181985
182038
182037
182188
182215
182217
182210
182216
182346
182344
182338
182345
182355
182382
182418
182442
182425
182444
182424
182523
182678
182925
182807
182931
182948
182975
182970
182976
182973
182974
182977
182969
182972
182971
182978
182987
183006
183071
183052
183106
183285
183246
183287
183329
183456
183330
183622
183652
183720
183769
183863
183862
183913
184020
183977
183959
184187
184109
184091
184033
184230
184331
184226
184244
184332
184333
184393
184364
184529
185005
185096
185198
185133
185097
185083
185253
185265
185252
185267
185250
185266
185273
185297
185406
185424
185409
185408
185410
185434
185411
185433
185412
185692
185693
185698
185726
185729
185727
185719
185720
185728
185730
186156
186252
186386
186205
186200
186171
186317
186414
186445
186446
186447
186449
186505
186542
186514
186527
186722
186729
186736
186731
186757
186738
186804
186801
186803
186806
186811
186826
186807
186808
186831
186830
186829
186852
186846
186884
186937
187048
187054
187055
187056
187207
187174
187215
187287
187312
187346
187480
187465
187528
187543
187559
187646
187687
187812
187866
187877
187860
187882
187928
187929
187883
187936
187960
187998
187999
188145
188191
188095
188194
188231
188250
188237
188377
188422
188351
188426
188432
188460
188423
188462
188461
188457
188477
188508
188509
188463
188575
188615
188574
188661
188624
188631
188632
188692
188693
188695
188685
188734
188784
188868
188893
188890
189020
189016
189045
189107
189141
189135
189136
189131
189297
189213
189301
189304
189303
189307
189611
189605
189641
189642
189609
189670
189669
189680
189796
189727
189887
189837
189888
189891
189893
190038
190008
190070
190071
190069
190082
190083
190081
190086
190092
190084
190203
190177
190171
190175
190170
190282
190386
190305
190335
190423
190433
190462
190493
190492
190588
190666
190656
190740
190833
190991
190873
190965
191057
191075
191056
191054
191142
191165
191311
191268
191409
191354
191411
191420
191483
191582
191508
191760
191732
191734
191911
191918
191916
191917
191945
191976
191944
191984
192077
192029
191988
192078
192228
192230
192200
192232
192231
192329
192303
192336
192387
192353
192461
192431
192429
192480
192605
192470
192659
192657
192650
192625
192719
192764
192718
192723
192901
192902
192954
192949
192906
192974
193048
193064
193075
193069
193141
193385
193431
193476
193472
193479
193474
193477
193478
193502
193491
193498
193568
193654
193707
193713
193750
193799
193813
193803
193845
193885
193923
194049
194003
194078
194091
194077
194104
194088
194052
194149
194146
194226
194240
194242
194241
194267
194254
194277
194269
194268
194274
194273
194289
194293
194308
194303
194307
194294
194304
194306
194313
194336
194318
194329
194349
194348
194428
194421
194426
194429
194430
194424
194427
194425
194437
194434
194432
194438
194435
194433
194436
194458
194466
194471
194474
194468
194477
194473
194503
194505
194504
194506
194500
194489
194507
194514
194517
194516
194512
194508
194509
194513
194511
194518
194528
194521
194519
194520
194543
194529
194538
194547
194549
194569
194556
194587
194583
194658
194638
194639
194700
194647
194705
194760
194769
194768
194762
194778
194789
194784
194855
194856
194851
194821
194891
194915
194900
194925
194912
194898
194913
194926
194934
194955
195011
195027
195025
195026
195029
195028
195077
195057
195085
195093
195092
195116
195123
195142
195187
195159
195190
195223
195258
195244
195266
195246
195271
195279
195371
195372
195370
195382
195451
195384
195448
195396
195383
195471
195465
195472
195464
195501
195491
195502
195503
195489
195490
195500
195586
195589
195602
195699
195736
195755
195780
195763
195742
195756
195772
195829
195846
195899
195948
195950
195947
195949
195951
195979
195952
196024
195985
196071
196072
196078
196075
196074
196086
196087
196084
196085
196088
196142
196194
196190
196191
196192
196188
196189
196196
196198
196201
196197
196296
196294
196295
196287
196261
196335
196300
196354
196348
196353
196423
196519
196403
196494
196562
196570
196616
196592
196583
196617
196657
196650
196658
196621
196653
196631
196656
196639
196663
196660
196670
196744
196776
196815
196779
196887
196874
196970
197029
197000
197016
197244
197254
197263
197262
197257
197256
197260
197261
197326
197335
197330
197332
197331
197341
197376
197483
197586
197511
197658
197639
197640
197667
197648
197698
197781
197778
197775
197777
197779
197776
197774
197780
197804
197829
197789
197834
197950
197922
197968
197995
198051
198019
198148
198147
198146
198145
198114
198150
198151
198262
198278
198389
198400
198464
198457
198447
198448
198562
198554
198535
198626
198697
198629
198633
198756
198810
198721
198699
199071
199117
199214
199172
199171
199174
199215
199169
199170
199217
199173
199216
199219
199218
199220
199278
199447
199352
199446
199360
199457
199448
199459
199478
199500
199571
199488
199554
199598
199663
199628
199662
199686
199684
199680
199683
199685
199738
199687
199739
199689
199737
199753
199757
199751
199754
199756
199752
199755
199750
199758
199771
199759
199822
199821
199836
199799
199874
199872
199873
199886
199887
199879
199878
199893
199888
199920
199956
199954
199955
199961
199970
199971
199974
199972
199973
200036
200056
200055
200349
200353
200354
200386
200466
200473
200483
200536
200625
200617
200648
200695
200706
200721
200687
200769
200774
200726
200736
200815
200803
200814
200818
200817
200816
200851
200906
200856
200907
200905
200845
200899
200889
200945
200913
200947
200975
200995
201013
201010
201023
201012
201066
201083
201067
201054
201055
201141
201135
201134
201188
201185
201169
201184
201189
201191
201190
201209
201192
201270
201288
201269
201273
201274
201310
201309
201327
201325
201328
201379
201428
201427
201465
201464
201445
201439
201463
201440
201515
201528
201554
201536
201532
201531
201534
201568
201589
201569
201567
201571
201566
201612
201593
201608
201594
201592
201653
201621
201654
201651
201687
201678
201680
201697
201713
201710
201700
201715
201714
201720
201717
201716
201718
201756
201766
201780
201813
201853
201824
201844
201822
201870
201868
201871
201895
201894
201901
201896
201922
201916
201926
201921
201944
201954
201969
202030
202036
202042
202068
202060
202044
202069
202067
202113
202108
202103
202105
202114
202120
202118
202123
202142
202154
202155
202163
202194
202201
202207
202202
202199
202206
202214
202223
202208
202224
202248
202246
202249
202294
202310
202382
202381
202335
202517
202512
202516
202578
202628
202701
202705
202754
202829
202787
202782
202786
202779
202783
202781
202901
202895
202862
203005
203004
203022
203033
203052
203054
203134
203117
203135
203113
203069
203068
203133
203280
203274
203260
203303
203316
203355
203325
203356
203358
203357
203399
203401
203416
203505
203577
203591
203608
203544
203547
203631
203621
203758
203777
203898
203922
203953
203943
203946
203900
203994
203988
204049
204073
204069
204086
204182
204118
204214
204258
204261
204301
204299
204279
204300
204324
204357
204381
204389
204387
204382
204385
204383
204388
204386
204391
204384
204390
204395
204393
204392
204394
204399
204418
204417
204422
204428
204435
204427
204426
204434
204442
204444
204443
204445
204464
204466
204456
204462
204494
204475
204487
204476
204554
204561
204559
204556
204593
204591
204604
204606
204605
204609
204610
204629
204623
204625
204622
204630
204636
204662
204664
204661
204657
204688
204771
204782
204789
204794
204802
204817
204816
204819
204820
204844
204871
204880
204872
204876
204881
204892
204904
204903
204902
204963
204961
204949
204948
204984
204975
205007
205006
204997
205005
205003
205014
205025
205016
205026
205060
205056
205071
205111
205110
205153
205144
205143
205163
205155
205156
205154
205157
205166
205169
205167
205164
205193
205196
205198
205192
205195
205194
205189
205204
205203
205206
205201
205208
205209
205202
205200
205207
205220
205215
205222
205217
205221
205216
205218
205219
205247
205241
205227
205242
205240
205239
205329
205269
205255
205305
205330
205328
205327
205331
205332
205335
205334
205376
205375
205370
205372
205379
205409
205404
205407
205401
205411
205406
205405
205403
205408
205477
205424
205422
205448
205423
205451
205449
205482
205500
205480
205484
205485
205506
205518
205549
205540
205629
205612
205645
205634
205622
205660
205654
205662
205655
205656
205661
205678
205692
205664
205663
205691
205696
205665
205676
205690
205718
205717
205785
205786
205787
205824
205795
205794
205864
205872
205851
205892
205900
205926
205925
205928
205937
205940
205964
205983
205978
205992
205996
206003
206163
206025
206171
206187
206194
206214
206213
206212
206248
206247
206269
206297
206335
206370
206366
206346
206450
206453
206463
206452
206441
206473
206478
206476
206475
206477
206512
206505
206503
206513
206525
206528
206526
206627
206663
206662
206704
206711
206722
206703
206756
206754
206747
206745
206755
206746
206752
206753
206762
206758
206759
206791
206798
206778
206816
206809
206815
206806
206807
206821
206857
206844
206855
206871
206870
206858
206909
206915
206930
206947
206953
206988
206966
206956
206974
206990
206991
206992
207019
207055
207066
207049
207054
207112
207080
207082
207138
207135
207137
207141
207116
207117
207142
207149
207270
207264
207214
207268
207267
207277
207289
207299
207369
207399
207422
207386
207425
207388
207387
207411
207456
207459
207528
207490
207476
207536
207574
207546
207594
207597
207602
207628
207649
207680
207672
207708
207700
207709
207728
207742
207772
207774
207775
207779
207780
207783
207781
207804
207812
207809
207815
207816
207820
207827
207831
207833
207832
207828
207824
207839
207859
207858
207856
207857
207879
207880
207885
207884
207881
207898
207902
207908
207913
207928
207926
207948
207944
207952
207960
207986
207987
208001
207999
207995
207989
207988
207996
208009
208010
208014
208005
208042
208043
208041
208039
208038
208037
208040
208089
208056
208088
208082
208067
208109
208103
208133
208145
208129
208146
208193
208211
208206
208212
208224
208260
208254
208288
208292
208289
208309
208312
208314
208333
208313
208315
208336
208335
208334
208341
208337
208342
208347
208350
208351
208352
208348
208349
208345
208366
208368
208371
208356
208373
208388
208372
208418
208406
208422
208424
208398
208408
208401
208448
208453
208447
208455
208461
208474
208467
208473
208468
208480
208479
208486
208476
208478
208503
208500
208502
208498
208489
208501
208499
208691
208511
208506
208683
208708
208700
208706
208707
208705
208699
208889
208752
208737
208883
208966
208996
208989
208998
208988
208997
209016
209059
208999
209033
209076
209089
209081
209075
209100
209091
209109
209090
209110
209102
209124
209153
209197
209201
209198
209281
209338
209333
209382
209374
209380
209383
209363
209406
209393
209391
209441
209450
209443
209461
209460
209505
209499
209493
209513
209485
209539
209551
209549
209560
209561
209556
209598
209588
209596
209590
209597
209599
209600
209601
209631
209630
209642
209643
209656
209657
209655
209651
209678
209677
209675
209681
209679
209718
209709
209753
209740
209762
209757
209756
209755
209778
209775
209773
209797
209804
209813
209810
209809
209814
209819
209821
209818
209825
209826
209824
209829
209827
209846
209839
209840
209847
209848
209841
209858
209871
209877
209883
209889
209910
209908
209892
209903
209918
209911
209912
209946
209959
209964
209970
209967
209965
209961
209966
209963
210000
210022
210012
210020
210019
210023
210018
210044
210045
210066
210069
210072
210067
210095
210091
210092
210094
210090
210093
210147
210141
210123
210115
210169
210151
210152
210150
210181
210210
210209
210207
210173
210215
210228
210229
210226
210224
210254
210234
210271
210262
210269
210268
210261
210309
210341
210321
210318
210340
210317
210342
210351
210344
210350
210345
210356
210346
210364
210381
210372
210382
210413
210414
210428
210434
210430
210431
210472
210473
210486
210508
210501
210509
210510
210527
210532
210546
210561
210547
210572
210565
210570
210569
210567
210564
210568
210566
210562
210582
210584
210583
210576
210575
210605
210592
210628
210608
210607
210633
210632
210641
210650
210635
210698
210658
210704
210705
210707
210735
210714
210713
210738
210715
210742
210748
210749
210777
210825
210829
210827
210828
210852
210860
210858
210857
210856
210859
210863
210886
210915
210883
210942
210925
210939
210943
210952
210985
210955
211001
211037
211044
211043
211052
211074
211078
211082
211081
211080
211079
211092
211093
211085
211089
211091
211090
211086
211116
211097
211099
211129
211127
211128
211143
211144
211176
211175
211194
211192
211206
211205
211199
211200
211204
211210
211216
211227
211233
211234
211248
211245
211279
211276
211273
211266
211278
211275
211274
211280
211277
211294
211297
211299
211293
211302
211298
211295
211296
211304
211309
211308
211310
211303
211312
211305
211311
211307
211337
211345
211393
211391
211402
211361
211417
211426
211490
211449
211441
211435
211493
211491
211492
211531
211518
211544
211534
211545
211592
211550
211605
211604
211627
211624
211626
211595
211625
211596
211628
211629
211656
211631
211693
211694
211680
211670
211675
211703
211699
211696
211701
211700
211695
211702
211724
211729
211731
211752
211756
211759
211761
211758
211760
211757
211796
211778
211774
211775
211795
211797
211779
211793
211794
211813
211815
211814
211798
211799
211818
211812
211817
211807
211825
211821
211824
211819
211826
211822
211827
211820
211823
211829
211831
211830
211857
211846
211874
211903
211904
211865
211905
211902
211876
211906
211910
211909
211907
211912
211908
211911
211956
212004
212005
211976
212006
211979
212008
211981
212007
212002
212003
212009
212035
212041
212018
212011
212034
212010
212068
212108
212042
212107
212106
212067
212109
212130
212129
212113
212132
212110
212127
212128
212114
212131
212134
212168
212136
212135
212166
212211
212217
212219
212213
212220
212222
212221
212244
212240
212246
212241
212231
212239
212245
212243
212242
212306
212321
212310
212332
212333
212325
212330
212308
212331
212335
212361
212334
212336
212353
212377
212386
212390
212391
212388
212411
212406
212413
212412
212405
212410
212408
212409
212407
212415
212437
212414
212438
212436
212451
212452
212450
212444
212449
212445
212443
212474
212468
212498
212476
212466
212467
212533
212525
212529
212520
212532
212524
212552
212548
212549
212544
212546
212551
212550
212536
212545
212566
212576
212574
212553
212575
212578
212585
212584
212580
212579
212582
212577
212583
212586
212581
212591
212588
212587
212590
212606
212605
212604
212634
212660
212662
212639
212640
212680
212676
212677
212678
212679
212691
212694
212701
212702
212699
212703
212700
212705
212704
212737
212738
212751
212733
212750
212728
212754
212762
212763
212755
212807
212800
212809
212805
212833
212846
212853
212868
212867
212866
212915
212931
212869
212933
212932
212885
212883
212945
212937
212939
212938
212936
212941
212940
212973
213009
213005
213003
213008
213002
213006
213012
213025
213018
213016
213019
213024
214474
213026
214479
214480
214493
214481
214490
214501
214534
214537
214538
214535
214518
214543
214619
214544
214546
214726
214694
214751
214745
214744
214747
214758
214791
214792
214790
214839
214841
214846
214844
227660
214879
214880
227801
227802
227838
227830
227813
227836
227839
227814
227837
227841
227866
227865
227844
227842
227864
227862
227843
227840
227879
227878
227882
227877
227880
227876
227884
227888
227887
227885
227889
227911
228618
228845
228847
228843
229016
229317
229399
229400
230045
230032
231659
231660
231663
231664
231665
231661
231662
232413
232517
232252
232262
232253
232367
232457
232429
232814
232519
232676
233049
233050
233047
233052
233051
233060
233055
233065
233064
233058
233061
233066
233057
233054
233144
233143
233145
233258
234079
234101
234078
233536
233558
233256
233635
234100
234729
235024
234970
235020
234165
235176
235149
235064
235029
235098
235058
235195
235237
235179
235315
235313
235312
235310
235309
235314
235332
235803
235883
235888
236068
235964
235965
236098
236099
236115
236106
236103
236117
236116
236102
236121
236129
236150
236128
236122
236127
236120
236217
236174
236220
236287
236281
236307
236236
236286
236309
236396
236308
236343
236353
236354
236423
236421
236422
236418
236419
236420
236411
236470
236471
236524
236552
236545
236598
236640
236643
236641
236644
236642
236639
236636
236637
236647
236660
236645
236661
236649
236651
236646
236650
236679
236673
236666
236792
236885
236839
236793
236840
236794
236896
236916
236917
236968
236966
236967
236979
236976
236969
236977
236994
236993
236995
236999
236996
237018
237000
236997
237022
237001
237002
237065
237066
237034
237045
237033
237130
237117
237125
237151
237155
237154
237150
237159
237195
237211
237212
237160
237227
237228
237234
237247
237277
237366
237423
237412
237424
237454
237455
237425
237397
237422
237421
237478
237504
237513
237488
237493
237479
237541
237593
237527
237656
237596
237657
237615
237741
237713
237738
237734
237745
237791
237852
237846
237881
237853
237876
237884
237896
237897
237887
237938
237951
237960
237961
237940
237962
237984
237983
237981
237980
237965
237964
237998
237985
238024
238047
238046
238045
238074
238050
238075
238051
238048
238083
238085
238082
238079
238084
238076
238109
238108
238086
238113
238088
238089
238087
238116
238120
238115
238137
238136
238135
238175
238176
238182
238273
238275
238274
238227
238225
238226
238284
238282
238278
238280
238279
238285
238286
238276
238321
238287
238288
238323
238352
238351
238376
238350
238430
238429
238427
238406
238431
238428
238433
238489
238495
238432
238493
238492
238435
238494
238434
238497
238511
238523
238501
238534
238524
238587
238584
238586
238585
238583
238597
238598
238602
238595
238593
238603
238592
238611
238675
238673
238657
238679
238690
238701
238704
238729
238731
238716
238730
238756
238790
238789
238788
238753
238757
238800
238794
238796
238798
238792
238799
238797
238793
238791
238845
238847
238801
238833
238893
238892
238855
238896
238897
238920
238924
238926
238919
238925
238933
238923
238922
238921
238918
238942
238941
238943
238938
238939
238935
238936
238934
238940
238937
238945
238956
238962
238961
238963
238946
238944
238948
238966
238977
238979
238978
238964
238965
238985
239011
239113
239049
239050
239047
239112
239111
239120
239116
239115
239117
239121
239123
239114
239136
239160
239166
239125
239135
239162
239161
239192
239171
239168
239188
239191
239169
239170
239189
239193
239202
239194
239201
239197
239199
239195
239198
239205
239204
239206
239218
239207
239208
239203
239227
239226
239229
239228
239278
239261
239299
239290
239300
239342
239341
239320
239319
239307
239356
239366
239360
239413
239420
239412
239421
239411
239497
239488
239489
239504
239544
239543
239546
239519
239545
239556
239550
239549
239551
239841
239593
239860
239564
239612
239896
239893
239900
239890
239898
239887
239897
239892
239901
239992
239993
239996
239994
240050
240047
240062
240052
240085
240048
240049
240046
240136
240148
240157
240139
240146
240159
240140
240165
240162
240166
240203
240228
240285
240286
240225
240227
240290
240305
240291
240319
240399
240398
240379
240413
240397
240414
240456
240449
240451
240448
240454
240450
240452
240544
240550
240583
240584
240577
240585
240598
240600
240586
240616
240678
240659
240710
240727
240729
240781
240810
240841
240848
240812
240793
240852
240851
240854
240850
240853
240849
240936
240925
240899
240983
240989
240937
240955
240985
241037
241034
241078
241062
241082
241080
241218
241079
241081
241084
241083
241122
241239
241260
241328
241610
241364
241261
241708
241637
241844
241804
241962
241964
241850
241910
241973
241968
241965
241967
241966
241972
241969
242161
242210
242268
242385
242372
242566
242563
242565
242455
242722
242728
242741
242740
242857
242932
242860
242931
242859
242862
242933
242861
242936
242934
242935
242937
242939
242999
242938
243006
243003
243170
243204
243206
243283
243360
243363
243472
243471
243364
243362
243485
243532
108712
243779